298 176, 89, 89
299 176, 89, 89
300 176, 89, 89
301 176, 89, 89
302 176, 89, 89
297 177, 89, 89
298 177, 89, 89
299 177, 89, 89
300 177, 89, 89
301 177, 89, 89
302 177, 89, 89
303 177, 89, 89
297 178, 89, 89
298 178, 89, 89
299 178, 89, 89
300 178, 89, 89
301 178, 89, 89
302 178, 89, 89
303 178, 89, 89
304 178, 89, 89
297 179, 89, 89
298 179, 89, 89
299 179, 89, 89
300 179, 89, 89
301 179, 89, 89
302 179, 89, 89
303 179, 89, 89
304 179, 89, 89
297 180, 89, 89
298 180, 89, 89
299 180, 89, 89
300 180, 89, 89
301 180, 89, 89
302 180, 89, 89
303 180, 89, 89
299 181, 89, 89
300 181, 89, 89
301 181, 89, 89
302 181, 89, 89
340 288, 89, 89
341 288, 89, 89
342 288, 89, 89
343 288, 89, 89
339 289, 89, 89
340 289, 89, 89
341 289, 89, 89
342 289, 89, 89
343 289, 89, 89
344 289, 89, 89
338 290, 89, 89
339 290, 89, 89
340 290, 89, 89
341 290, 89, 89
342 290, 89, 89
343 290, 89, 89
344 290, 89, 89
345 290, 89, 89
338 291, 89, 89
339 291, 89, 89
340 291, 89, 89
341 291, 89, 89
342 291, 89, 89
343 291, 89, 89
344 291, 89, 89
345 291, 89, 89
346 291, 89, 89
338 292, 89, 89
339 292, 89, 89
340 292, 89, 89
341 292, 89, 89
342 292, 89, 89
343 292, 89, 89
344 292, 89, 89
345 292, 89, 89
346 292, 89, 89
339 293, 89, 89
340 293, 89, 89
341 293, 89, 89
342 293, 89, 89
343 293, 89, 89
344 293, 89, 89
345 293, 89, 89
340 294, 89, 89
341 294, 89, 89
342 294, 89, 89
343 294, 89, 89
344 294, 89, 89
